{
    "asset": {
        "generator": "COLLADA2GLTF",
        "version": "2.0"
    },
    "scenes": [
        {
            "nodes": [
                0
            ]
        }
    ],
    "scene": 0,
    "nodes": [
        {
            "children": [
                4,
                3,
                1
            ],
            "matrix": [
                1.0,
                0.0,
                0.0,
                0.0,
                0.0,
                0.0,
                -1.0,
                0.0,
                0.0,
                1.0,
                0.0,
                0.0,
                0.0,
                0.0,
                0.0,
                1.0
            ],
            "name": "Z_UP"
        },
        {
            "mesh": 0,
            "skin": 0,
            "name": "Goodra_GooDrops"
        },
        {
            "matrix": [
                -0.9185810089111328,
                -8.794647649024157e-11,
                0.395232766866684,
                0.0,
                8.794647649024157e-11,
                -1.0,
                -1.811720738709166e-11,
                0.0,
                0.395232766866684,
                1.811720738709166e-11,
                0.9185810089111328,
                0.0,
                -2.051966667175293,
                0.2540000081062317,
                0.7403084635734558,
                1.0
            ],
            "name": "FeelerA"
        },
        {
            "mesh": 1,
            "skin": 1,
            "name": "Goodra"
        },
        {
            "children": [
                5
            ],
            "matrix": [
                1.0,
                0.0,
                0.0,
                0.0,
                0.0,
                4.4896641959724089e-11,
                1.0,
                0.0,
                0.0,
                -1.0,
                4.4896641959724089e-11,
                0.0,
                0.0,
                0.0,
                0.0,
                1.0
            ],
            "name": "pm0765_00"
        },
        {
            "children": [
                6
            ],
            "name": "Origin"
        },
        {
            "children": [
                2,
                77,
                76,
                63,
                7
            ],
            "matrix": [
                -0.000002560717575761373,
                0.9185805916786194,
                0.3952337205410004,
                0.0,
                -1.0,
                -0.0000029717152756347788,
                4.2770236063915947e-7,
                0.0,
                0.0000015674012274757845,
                -0.3952337205410004,
                0.9185805916786194,
                0.0,
                0.0,
                2.1774935722351076,
                0.13098347187042237,
                1.0
            ],
            "name": "Waist"
        },
        {
            "children": [
                8
            ],
            "name": "Spine1"
        },
        {
            "children": [
                31,
                20,
                9
            ],
            "matrix": [
                0.9941613674163818,
                0.0,
                -0.1079033985733986,
                0.0,
                0.0,
                1.0,
                0.0,
                0.0,
                0.1079033985733986,
                0.0,
                0.9941613674163818,
                0.0,
                0.24194946885108949,
                0.0,
                -2.5400000325248585e-8,
                1.0
            ],
            "name": "Spine2"
        },
        {
            "children": [
                10
            ],
            "matrix": [
                0.1314503401517868,
                -0.9904550313949584,
                0.041469015181064609,
                0.0,
                0.9496532678604126,
                0.11381382495164873,
                -0.2918991446495056,
                0.0,
                0.28439322113990786,
                0.07775142788887024,
                0.9555497169494628,
                0.0,
                0.29471874237060549,
                -0.1508091986179352,
                0.044901102781295779,
                1.0
            ],
            "name": "LShoulder"
        },
        {
            "children": [
                11
            ],
            "matrix": [
                0.824158787727356,
                -0.18923482298851017,
                0.5338093638420105,
                0.0,
                0.5197233557701111,
                0.6272323131561279,
                -0.5800579786300659,
                0.0,
                -0.22505532205104829,
                0.7554930448532105,
                0.6152887940406799,
                0.0,
                0.2636113464832306,
                1.7780000405309696e-7,
                -2.5400000325248585e-8,
                1.0
            ],
            "name": "LArm"
        },
        {
            "children": [
                14,
                12
            ],
            "matrix": [
                0.9799858927726746,
                0.0,
                0.1990669071674347,
                0.0,
                0.0,
                1.0,
                0.0,
                0.0,
                -0.1990669071674347,
                0.0,
                0.9799858927726746,
                0.0,
                0.5977686643600464,
                0.0,
                -1.7780000405309696e-7,
                1.0
            ],
            "name": "LForeArm"
        },
        {
            "children": [
                13
            ],
            "matrix": [
                0.9956218004226684,
                0.0,
                -0.093473382294178,
                0.0,
                0.0,
                1.0,
                0.0,
                0.0,
                0.093473382294178,
                0.0,
                0.9956218004226684,
                0.0,
                0.5827014446258545,
                1.7780000405309696e-7,
                3.8099997823337619e-7,
                1.0
            ],
            "name": "LHand"
        },
        {
            "matrix": [
                1.0,
                0.0,
                0.0,
                0.0,
                0.0,
                1.0,
                0.0,
                0.0,
                0.0,
                0.0,
                1.0,
                0.0,
                0.231038898229599,
                -1.7780000405309696e-7,
                3.8099997823337619e-7,
                1.0
            ],
            "name": "LFinger"
        },
        {
            "children": [
                17,
                15
            ],
            "matrix": [
                -0.04598197713494301,
                -0.6872959733009338,
                -0.7249206304550171,
                0.0,
                0.04838743060827255,
                0.7233039140701294,
                -0.6888324022293091,
                0.0,
                0.9977696537971496,
                -0.0667509213089943,
                -0.0000024558328277635157,
                0.0,
                0.37295326590538027,
                -0.034483037889003757,
                -0.1575310379266739,
                1.0
            ],
            "name": "LFeelerA"
        },
        {
            "children": [
                16
            ],
            "matrix": [
                1.0,
                0.0,
                0.0,
                0.0,
                0.0,
                1.0,
                0.0,
                0.0,
                0.0,
                0.0,
                1.0,
                0.0,
                0.07891526073217392,
                0.007633334957063198,
                0.07505801320075989,
                1.0
            ],
            "name": "LFeelerC1"
        },
        {
            "matrix": [
                1.0,
                0.0,
                0.0,
                0.0,
                0.0,
                1.0,
                0.0,
                0.0,
                0.0,
                0.0,
                1.0,
                0.0,
                0.06188608333468437,
                -4.826000008506526e-7,
                -4.826000008506526e-7,
                1.0
            ],
            "name": "LFeelerC2"
        },
        {
            "children": [
                18
            ],
            "matrix": [
                1.0,
                0.0,
                0.0,
                0.0,
                0.0,
                1.0,
                0.0,
                0.0,
                0.0,
                0.0,
                1.0,
                0.0,
                0.072299063205719,
                -0.0048750219866633419,
                -0.09830688685178756,
                1.0
            ],
            "name": "LFeelerB1"
        },
        {
            "children": [
                19
            ],
            "matrix": [
                1.0,
                0.0,
                0.0,
                0.0,
                0.0,
                1.0,
                0.0,
                0.0,
                0.0,
                0.0,
                1.0,
                0.0,
                0.08307577669620514,
                7.620000275210259e-8,
                -7.620000275210259e-8,
                1.0
            ],
            "name": "LFeelerB2"
        },
        {
            "matrix": [
                1.0,
                0.0,
                0.0,
                0.0,
                0.0,
                1.0,
                0.0,
                0.0,
                0.0,
                0.0,
                1.0,
                0.0,
                0.1653364598751068,
                -7.620000275210259e-8,
                -7.620000275210259e-8,
                1.0
            ],
            "name": "LFeelerB3"
        },
        {
            "children": [
                21
            ],
            "matrix": [
                0.1314503401517868,
                0.9904550313949584,
                0.041469015181064609,
                0.0,
                -0.9496532678604126,
                0.11381382495164873,
                0.2918991446495056,
                0.0,
                0.28439322113990786,
                -0.07775142788887024,
                0.9555497169494628,
                0.0,
                0.2947238087654114,
                0.1508091986179352,
                0.04489729180932045,
                1.0
            ],
            "name": "RShoulder"
        },
        {
            "children": [
                22
            ],
            "matrix": [
                0.8241585493087769,
                0.18923445045948029,
                0.5338099002838135,
                0.0,
                -0.5197234153747559,
                0.6272326707839966,
                0.5800575613975525,
                0.0,
                -0.22505612671375276,
                -0.7554928660392761,
                0.6152887344360352,
                0.0,
                0.2636088132858277,
                0.000015671799701522106,
                0.000002006599970627576,
                1.0
            ],
            "name": "RArm"
        },
        {
            "children": [
                29,
                23
            ],
            "matrix": [
                0.9799858927726746,
                0.0,
                0.1990669071674347,
                0.0,
                0.0,
                1.0,
                0.0,
                0.0,
                -0.1990669071674347,
                0.0,
                0.9799858927726746,
                0.0,
                0.5977686643600464,
                -0.000012014199455734344,
                0.000010642599590937609,
                1.0
            ],
            "name": "RForeArm"
        },
        {
            "children": [
                26,
                24
            ],
            "matrix": [
                -0.04598262533545494,
                0.6872953176498413,
                -0.7249212265014648,
                0.0,
                -0.04838834330439568,
                0.7233044505119324,
                0.6888318061828613,
                0.0,
                0.9977695941925048,
                0.06675203144550324,
                -0.0000023558156954095468,
                0.0,
                0.37295326590538027,
                0.03449015319347382,
                -0.1575358808040619,
                1.0
            ],
            "name": "RFeelerA"
        },
        {
            "children": [
                25
            ],
            "matrix": [
                1.0,
                0.0,
                0.0,
                0.0,
                0.0,
                1.0,
                0.0,
                0.0,
                0.0,
                0.0,
                1.0,
                0.0,
                0.07891526073217392,
                -0.007635265588760376,
                0.07505673915147782,
                1.0
            ],
            "name": "RFeelerC1"
        },
        {
            "matrix": [
                1.0,
                0.0,
                0.0,
                0.0,
                0.0,
                1.0,
                0.0,
                0.0,
                0.0,
                0.0,
                1.0,
                0.0,
                0.06188683956861496,
                -2.5400000325248585e-8,
                0.0,
                1.0
            ],
            "name": "RFeelerC2"
        },
        {
            "children": [
                27
            ],
            "matrix": [
                1.0,
                0.0,
                0.0,
                0.0,
                0.0,
                1.0,
                0.0,
                0.0,
                0.0,
                0.0,
                1.0,
                0.0,
                0.0722988173365593,
                0.004873625002801418,
                -0.0983058661222458,
                1.0
            ],
            "name": "RFeelerB1"
        },
        {
            "children": [
                28
            ],
            "matrix": [
                1.0,
                0.0,
                0.0,
                0.0,
                0.0,
                1.0,
                0.0,
                0.0,
                0.0,
                0.0,
                1.0,
                0.0,
                0.08307552337646485,
                2.032000026019887e-7,
                -8.636000075057382e-7,
                1.0
            ],
            "name": "RFeelerB2"
        },
        {
            "matrix": [
                1.0,
                0.0,
                0.0,
                0.0,
                0.0,
                1.0,
                0.0,
                0.0,
                0.0,
                0.0,
                1.0,
                0.0,
                0.16533620655536652,
                -2.794000124595186e-7,
                0.0000017272000150114764,
                1.0
            ],
            "name": "RFeelerB3"
        },
        {
            "children": [
                30
            ],
            "matrix": [
                0.9956218004226684,
                0.0,
                -0.093473382294178,
                0.0,
                0.0,
                1.0,
                0.0,
                0.0,
                0.093473382294178,
                0.0,
                0.9956218004226684,
                0.0,
                0.5827014446258545,
                -0.000001346199951512972,
                0.000002108199851136306,
                1.0
            ],
            "name": "RHand"
        },
        {
            "matrix": [
                1.0,
                0.0,
                0.0,
                0.0,
                0.0,
                1.0,
                0.0,
                0.0,
                0.0,
                0.0,
                1.0,
                0.0,
                0.2310404181480408,
                9.652000017013052e-7,
                -0.0000019304000034026105,
                1.0
            ],
            "name": "RFinger"
        },
        {
            "children": [
                32
            ],
            "matrix": [
                0.9956485629081726,
                0.0,
                0.09318786859512328,
                0.0,
                0.0,
                1.0,
                0.0,
                0.0,
                -0.09318786859512328,
                0.0,
                0.9956485629081726,
                0.0,
                0.456498920917511,
                0.0,
                0.0,
                1.0
            ],
            "name": "Neck1"
        },
        {
            "children": [
                33
            ],
            "matrix": [
                1.0,
                0.0,
                0.0,
                0.0,
                0.0,
                1.0,
                0.0,
                0.0,
                0.0,
                0.0,
                1.0,
                0.0,
                0.646163284778595,
                -2.5400000325248585e-8,
                -7.620000275210259e-8,
                1.0
            ],
            "name": "Neck2"
        },
        {
            "children": [
                34
            ],
            "matrix": [
                1.0,
                0.0,
                0.0,
                0.0,
                0.0,
                1.0,
                0.0,
                0.0,
                0.0,
                0.0,
                1.0,
                0.0,
                0.5163311958312988,
                -5.0800000650497177e-8,
                -2.5400000325248585e-8,
                1.0
            ],
            "name": "Neck3"
        },
        {
            "children": [
                55,
                53,
                45,
                37,
                35
            ],
            "matrix": [
                0.846289873123169,
                0.0,
                -0.5327226519584656,
                0.0,
                0.0,
                1.0,
                0.0,
                0.0,
                0.5327226519584656,
                0.0,
                0.846289873123169,
                0.0,
                0.3693693280220032,
                -2.5400000325248585e-8,
                -1.2699999274445873e-7,
                1.0
            ],
            "name": "Head"
        },
        {
            "children": [
                36
            ],
            "matrix": [
                0.7868358492851257,
                0.3734378516674042,
                0.4913588464260102,
                0.0,
                -0.3930304646492005,
                0.91703861951828,
                -0.067580945789814,
                0.0,
                -0.4758323431015015,
                -0.13994388282299045,
                0.8683313131332398,
                0.0,
                0.5849112272262573,
                0.23473714292049409,
                0.4760468006134033,
                1.0
            ],
            "name": "RFeelerD1"
        },
        {
            "matrix": [
                1.0,
                0.0,
                0.0,
                0.0,
                0.0,
                1.0,
                0.0,
                0.0,
                0.0,
                0.0,
                1.0,
                0.0,
                0.18286094069480897,
                0.0000063753996073501188,
                0.0000052069999583181929,
                1.0
            ],
            "name": "RFeelerD2"
        },
        {
            "children": [
                38
            ],
            "matrix": [
                0.8400834798812866,
                0.5216277241706848,
                0.14887677133083344,
                0.0,
                -0.5105286240577698,
                0.8530455231666565,
                -0.10804568976163864,
                0.0,
                -0.18335828185081486,
                0.014761547558009625,
                0.9829353094100952,
                0.0,
                0.6300418972969055,
                0.2505013942718506,
                0.3202965259552002,
                1.0
            ],
            "name": "RFeelerE1"
        },
        {
            "children": [
                39
            ],
            "matrix": [
                1.0,
                0.0,
                0.0,
                0.0,
                0.0,
                1.0,
                0.0,
                0.0,
                0.0,
                0.0,
                1.0,
                0.0,
                0.4216476082801819,
                -0.000010439399375172798,
                1.7780000405309696e-7,
                1.0
            ],
            "name": "RFeelerE2"
        },
        {
            "children": [
                40
            ],
            "matrix": [
                1.0,
                0.0,
                0.0,
                0.0,
                0.0,
                1.0,
                0.0,
                0.0,
                0.0,
                0.0,
                1.0,
                0.0,
                0.5392546653747559,
                0.000002692399903025944,
                7.619999564667523e-7,
                1.0
            ],
            "name": "RFeelerE3"
        },
        {
            "children": [
                41
            ],
            "matrix": [
                1.0,
                0.0,
                0.0,
                0.0,
                0.0,
                1.0,
                0.0,
                0.0,
                0.0,
                0.0,
                1.0,
                0.0,
                0.5589295625686646,
                -0.000004444999831321184,
                5.588000249190372e-7,
                1.0
            ],
            "name": "RFeelerE4"
        },
        {
            "children": [
                42
            ],
            "matrix": [
                1.0,
                0.0,
                0.0,
                0.0,
                0.0,
                1.0,
                0.0,
                0.0,
                0.0,
                0.0,
                1.0,
                0.0,
                0.6291046142578125,
                0.0000019304000034026105,
                -7.620000275210259e-8,
                1.0
            ],
            "name": "RFeelerE5"
        },
        {
            "children": [
                43
            ],
            "matrix": [
                1.0,
                0.0,
                0.0,
                0.0,
                0.0,
                1.0,
                0.0,
                0.0,
                0.0,
                0.0,
                1.0,
                0.0,
                0.5860897302627564,
                0.000008889999662642368,
                -1.7780000405309696e-7,
                1.0
            ],
            "name": "RFeelerE6"
        },
        {
            "children": [
                44
            ],
            "matrix": [
                0.9846421480178832,
                -0.0021737513598054649,
                0.1745712012052536,
                0.0,
                0.0022076282184571029,
                0.9999975562095642,
                1.281226786886691e-7,
                0.0,
                -0.17457078397274018,
                0.0003852621593978256,
                0.9846445322036744,
                0.0,
                0.3155721426010132,
                -0.000011023599654436112,
                6.603999622711854e-7,
                1.0
            ],
            "name": "RFeelerE7"
        },
        {
            "matrix": [
                -0.6923577785491943,
                0.014653174206614496,
                0.721405565738678,
                0.0,
                0.024479229003190999,
                0.9996952414512634,
                0.003187772585079074,
                0.0,
                -0.7211390137672424,
                0.01986652985215187,
                -0.6925055384635925,
                0.0,
                0.2838526070117951,
                -0.0000025145998279185739,
                -9.652000017013052e-7,
                1.0
            ],
            "name": "RFeelerE8"
        },
        {
            "children": [
                46
            ],
            "matrix": [
                0.8400834798812866,
                -0.5216277241706848,
                0.14887677133083344,
                0.0,
                0.5105286240577698,
                0.8530455231666565,
                0.10804568976163864,
                0.0,
                -0.18335828185081486,
                -0.014761547558009625,
                0.9829353094100952,
                0.0,
                0.6300545930862427,
                -0.2505019009113312,
                0.32029908895492556,
                1.0
            ],
            "name": "LFeelerE1"
        },
        {
            "children": [
                47
            ],
            "matrix": [
                1.0,
                0.0,
                0.0,
                0.0,
                0.0,
                1.0,
                0.0,
                0.0,
                0.0,
                0.0,
                1.0,
                0.0,
                0.4216323494911194,
                1.7780000405309696e-7,
                -7.620000275210259e-8,
                1.0
            ],
            "name": "LFeelerE2"
        },
        {
            "children": [
                48
            ],
            "matrix": [
                1.0,
                0.0,
                0.0,
                0.0,
                0.0,
                1.0,
                0.0,
                0.0,
                0.0,
                0.0,
                1.0,
                0.0,
                0.5392572283744812,
                1.7780000405309696e-7,
                0.0,
                1.0
            ],
            "name": "LFeelerE3"
        },
        {
            "children": [
                49
            ],
            "matrix": [
                1.0,
                0.0,
                0.0,
                0.0,
                0.0,
                1.0,
                0.0,
                0.0,
                0.0,
                0.0,
                1.0,
                0.0,
                0.5589244365692139,
                1.7780000405309696e-7,
                7.620000275210259e-8,
                1.0
            ],
            "name": "LFeelerE4"
        },
        {
            "children": [
                50
            ],
            "matrix": [
                1.0,
                0.0,
                0.0,
                0.0,
                0.0,
                1.0,
                0.0,
                0.0,
                0.0,
                0.0,
                1.0,
                0.0,
                0.6291096806526184,
                0.0,
                0.0,
                1.0
            ],
            "name": "LFeelerE5"
        },
        {
            "children": [
                51
            ],
            "matrix": [
                1.0,
                0.0,
                0.0,
                0.0,
                0.0,
                1.0,
                0.0,
                0.0,
                0.0,
                0.0,
                1.0,
                0.0,
                0.5860998630523682,
                3.8099997823337619e-7,
                0.0,
                1.0
            ],
            "name": "LFeelerE6"
        },
        {
            "children": [
                52
            ],
            "matrix": [
                0.9846421480178832,
                0.0021741006057709457,
                0.1745712012052536,
                0.0,
                -0.0022079774644225837,
                0.9999975562095642,
                -1.5883850323916707e-7,
                0.0,
                -0.17457078397274018,
                -0.00038529286393895745,
                0.9846445322036744,
                0.0,
                0.3155594170093537,
                0.0,
                0.0,
                1.0
            ],
            "name": "LFeelerE7"
        },
        {
            "matrix": [
                -0.6923577785491943,
                -0.01465486641973257,
                0.721405565738678,
                0.0,
                -0.02448092214763165,
                0.9996952414512634,
                -0.003187050810083747,
                0.0,
                -0.7211389541625977,
                -0.019867252558469777,
                -0.6925055384635925,
                0.0,
                0.28384751081466677,
                1.7780000405309696e-7,
                0.0,
                1.0
            ],
            "name": "LFeelerE8"
        },
        {
            "children": [
                54
            ],
            "matrix": [
                0.7868358492851257,
                -0.3734378516674042,
                0.4913588464260102,
                0.0,
                0.3930304646492005,
                0.91703861951828,
                0.067580945789814,
                0.0,
                -0.4758323431015015,
                0.13994388282299045,
                0.8683313131332398,
                0.0,
                0.5849010348320007,
                -0.23473764955997468,
                0.4760468006134033,
                1.0
            ],
            "name": "LFeelerD1"
        },
        {
            "matrix": [
                1.0,
                0.0,
                0.0,
                0.0,
                0.0,
                1.0,
                0.0,
                0.0,
                0.0,
                0.0,
                1.0,
                0.0,
                0.1828736513853073,
                1.7780000405309696e-7,
                3.8099997823337619e-7,
                1.0
            ],
            "name": "LFeelerD2"
        },
        {
            "children": [
                61,
                59,
                56
            ],
            "matrix": [
                -0.9797177910804749,
                -8.933672551725279e-11,
                0.200382262468338,
                0.0,
                8.933672551725279e-11,
                -1.0,
                -9.04244734645232e-12,
                0.0,
                0.200382262468338,
                9.04244734645232e-12,
                0.9797177910804749,
                0.0,
                -0.21854285895824433,
                0.0,
                0.33632391691207888,
                1.0
            ],
            "name": "FeelerD"
        },
        {
            "children": [
                57
            ],
            "matrix": [
                0.9999894499778748,
                0.0,
                0.004587145522236824,
                0.0,
                0.0,
                1.0,
                0.0,
                0.0,
                -0.004587145522236824,
                0.0,
                0.9999894499778748,
                0.0,
                0.10486211627721788,
                0.0,
                -1.7780000405309696e-7,
                1.0
            ],
            "name": "FeelerE1"
        },
        {
            "children": [
                58
            ],
            "matrix": [
                1.0,
                0.0,
                0.0,
                0.0,
                0.0,
                1.0,
                0.0,
                0.0,
                0.0,
                0.0,
                1.0,
                0.0,
                0.14288058876991273,
                0.0,
                -3.8099997823337619e-7,
                1.0
            ],
            "name": "FeelerE2"
        },
        {
            "matrix": [
                1.0,
                0.0,
                0.0,
                0.0,
                0.0,
                1.0,
                0.0,
                0.0,
                0.0,
                0.0,
                1.0,
                0.0,
                0.1054338738322258,
                0.0,
                0.0000025145998279185739,
                1.0
            ],
            "name": "FeelerE3"
        },
        {
            "children": [
                60
            ],
            "matrix": [
                0.9999610185623168,
                0.0,
                -0.008831914514303208,
                0.0,
                0.0,
                1.0,
                0.0,
                0.0,
                0.008831914514303208,
                0.0,
                0.9999610185623168,
                0.0,
                0.09583597630262376,
                0.0,
                -0.11457686126232149,
                1.0
            ],
            "name": "FeelerG1"
        },
        {
            "matrix": [
                1.0,
                0.0,
                0.0,
                0.0,
                0.0,
                1.0,
                0.0,
                0.0,
                0.0,
                0.0,
                1.0,
                0.0,
                0.05864529311656952,
                0.0,
                3.8099997823337619e-7,
                1.0
            ],
            "name": "FeelerG2"
        },
        {
            "children": [
                62
            ],
            "matrix": [
                0.9993579387664796,
                0.0,
                0.035828474909067157,
                0.0,
                0.0,
                1.0,
                0.0,
                0.0,
                -0.035828474909067157,
                0.0,
                0.9993579387664796,
                0.0,
                0.10113517940044405,
                0.0,
                0.11887656897306442,
                1.0
            ],
            "name": "FeelerF1"
        },
        {
            "matrix": [
                1.0,
                0.0,
                0.0,
                0.0,
                0.0,
                1.0,
                0.0,
                0.0,
                0.0,
                0.0,
                1.0,
                0.0,
                0.03418230265378952,
                0.0,
                0.0000036576000184140864,
                1.0
            ],
            "name": "FeelerF2"
        },
        {
            "children": [
                72,
                68,
                64
            ],
            "matrix": [
                -0.9185810089111328,
                -8.794647649024157e-11,
                0.395232766866684,
                0.0,
                8.794647649024157e-11,
                -1.0,
                -1.811720738709166e-11,
                0.0,
                0.395232766866684,
                1.811720738709166e-11,
                0.9185810089111328,
                0.0,
                0.0,
                0.0,
                0.0,
                1.0
            ],
            "name": "Hips"
        },
        {
            "children": [
                65
            ],
            "matrix": [
                0.12564224004745484,
                5.937080688189767e-11,
                -0.9920756220817566,
                0.0,
                -5.937080688189767e-11,
                -1.0,
                -6.736410734786702e-11,
                0.0,
                -0.9920756220817566,
                6.736410734786702e-11,
                -0.12564224004745484,
                0.0,
                0.8207298517227173,
                0.0,
                -0.8345957398414612,
                1.0
            ],
            "name": "Tail1"
        },
        {
            "children": [
                66
            ],
            "matrix": [
                0.964515507221222,
                0.0,
                0.2640262246131897,
                0.0,
                0.0,
                1.0,
                0.0,
                0.0,
                -0.2640262246131897,
                0.0,
                0.964515507221222,
                0.0,
                0.6198742389678955,
                0.0,
                -7.620000275210259e-8,
                1.0
            ],
            "name": "Tail2"
        },
        {
            "children": [
                67
            ],
            "matrix": [
                0.9722818732261658,
                0.0,
                0.23381191492080689,
                0.0,
                0.0,
                1.0,
                0.0,
                0.0,
                -0.23381191492080689,
                0.0,
                0.9722818732261658,
                0.0,
                0.5839688777923584,
                2.5400000325248585e-8,
                -1.7780000405309696e-7,
                1.0
            ],
            "name": "Tail3"
        },
        {
            "matrix": [
                0.9659258127212524,
                0.0,
                0.258819043636322,
                0.0,
                0.0,
                1.0,
                0.0,
                0.0,
                -0.258819043636322,
                0.0,
                0.9659258127212524,
                0.0,
                0.4905400276184082,
                -7.620000275210259e-8,
                0.0,
                1.0
            ],
            "name": "Tail4"
        },
        {
            "children": [
                69
            ],
            "matrix": [
                0.9974777698516846,
                0.02738959714770317,
                0.06548190116882324,
                0.0,
                -0.03270094096660614,
                0.9961394667625428,
                0.08146683871746063,
                0.0,
                -0.06299775838851929,
                -0.08340267837047577,
                0.9945226311683656,
                0.0,
                0.5992672443389893,
                -0.7642554640769959,
                -0.19952461123466493,
                1.0
            ],
            "name": "RThigh"
        },
        {
            "children": [
                70
            ],
            "matrix": [
                0.9146897196769714,
                0.0,
                -0.40415680408477785,
                0.0,
                0.0,
                1.0,
                0.0,
                0.0,
                0.40415680408477785,
                0.0,
                0.9146897196769714,
                0.0,
                0.8237168788909912,
                -0.0000010922000228674734,
                1.2699999274445873e-7,
                1.0
            ],
            "name": "RLeg"
        },
        {
            "children": [
                71
            ],
            "matrix": [
                -0.35976892709732058,
                -8.534549920113932e-7,
                0.9330414533615112,
                0.0,
                -0.000004585620899888454,
                1.0,
                -8.534549920113932e-7,
                0.0,
                -0.9330414533615112,
                -0.000004585620899888454,
                -0.35976892709732058,
                0.0,
                0.5634303689002991,
                0.000001041399968926271,
                0.0,
                1.0
            ],
            "name": "RFoot"
        },
        {
            "matrix": [
                1.0,
                0.0,
                0.0,
                0.0,
                0.0,
                1.0,
                0.0,
                0.0,
                0.0,
                0.0,
                1.0,
                0.0,
                0.24796722829341889,
                3.301999811355927e-7,
                -0.12555651366710664,
                1.0
            ],
            "name": "RToe"
        },
        {
            "children": [
                73
            ],
            "matrix": [
                0.9974777698516846,
